00000000
00001001
00000011
00000000
00000000
00000111
00000000
00000000
00000110
00001000
00000000
00000111
00001001
00000000
00000000
00000010
00000011
00000100
00000101
00000000
00000000
00000110
00001000
00000000
00000000
00000000
00001001
00000000
00000000
00001001
00000001
00000000
00000000
00000101
00000000
00000000
00000000
00000001
00000010
00000101
00000000
00001000
00000000
00000111
00000011
00000011
00000000
00000000
00000111
00000110
00000000
00001001
00000010
00000000
00000000
00000000
00000000
00000000
00000111
00000001
00000000
00000000
00000000
00000000
00000000
00000000
00000000
00000100
00000000
00000001
00000000
00000101
00000000
00000000
00000000
00000010
00000000
00000110
00000011
00000100
00000111
