00000110
00001001
00000100
00000010
00000011
00001000
00000101
00000001
00000111
00001000
00000001
00000010
00000101
00000100
00000111
00001001
00000011
00000110
00000011
00000101
00000111
00000110
00001001
00000001
00001000
00000010
00000100
00000101
00001000
00000001
00001001
00000010
00000100
00000110
00000111
00000011
00000010
00000110
00001001
00001000
00000111
00000011
00000001
00000100
00000101
00000100
00000111
00000011
00000001
00000110
00000101
00000010
00001001
00001000
00000001
00000011
00000101
00000100
00001000
00001001
00000111
00000110
00000010
00001001
00000100
00000110
00000111
00000101
00000010
00000011
00001000
00000001
00000111
00000010
00001000
00000011
00000001
00000110
00000100
00000101
00001001
